0.0186500888099 0.0364120781528 0.127886323268 0.133214920071 0.476021314387 0.0159857904085 0.0301953818828 0.00710479573712 0.154529307282 
0.0235849056604 0.0786163522013 0.119496855346 0.0927672955975 0.259433962264 0.102201257862 0.0723270440252 0.0400943396226 0.211477987421 
0.032619775739 0.0958205912334 0.0886850152905 0.0846075433231 0.20998980632 0.144750254842 0.0693170234455 0.0142711518858 0.25993883792 
0.0296022201665 0.0971322849214 0.0962072155412 0.0869565217391 0.312673450509 0.0712303422757 0.0703052728955 0.0342275670675 0.201665124884 
0.0240740740741 0.0824074074074 0.0990740740741 0.103703703704 0.314814814815 0.0981481481481 0.0583333333333 0.0194444444444 0.2 
0.0189504373178 0.0860058309038 0.0947521865889 0.113702623907 0.351311953353 0.110787172012 0.00583090379009 0.0 0.218658892128 
0.0356807511737 0.0957746478873 0.138028169014 0.0957746478873 0.26103286385 0.0741784037559 0.0647887323944 0.0206572769953 0.214084507042 
0.0496815286624 0.087898089172 0.115923566879 0.0764331210191 0.345222929936 0.0662420382166 0.0420382165605 0.00382165605096 0.212738853503 
0.0247011952191 0.106772908367 0.132270916335 0.108366533865 0.302788844622 0.0948207171315 0.0509960159363 0.00478087649402 0.174501992032 
0.0307262569832 0.0744878957169 0.0791433891993 0.0856610800745 0.251396648045 0.143389199255 0.0754189944134 0.0279329608939 0.231843575419 
0.0315249266862 0.0733137829912 0.0879765395894 0.0762463343109 0.217008797654 0.191348973607 0.0645161290323 0.0256598240469 0.232404692082 
0.0173833485819 0.107959743824 0.129917657823 0.112534309241 0.311070448307 0.067703568161 0.0558096980787 0.0109789569991 0.186642268984 
0.022373540856 0.0943579766537 0.0865758754864 0.0943579766537 0.233463035019 0.126459143969 0.0700389105058 0.0612840466926 0.211089494163 
0.0362490149724 0.090622537431 0.11268715524 0.0693459416864 0.229314420804 0.118991331757 0.0882584712372 0.0181245074862 0.236406619385 
0.0320150659134 0.0988700564972 0.113935969868 0.0913370998117 0.249529190207 0.0885122410546 0.0630885122411 0.0414312617702 0.221280602637 
0.0224899598394 0.0787148594378 0.0843373493976 0.0931726907631 0.360642570281 0.0875502008032 0.0409638554217 0.000803212851406 0.231325301205 
0.0299277605779 0.0722394220846 0.139318885449 0.116615067079 0.404540763674 0.0423116615067 0.0227038183695 0.0206398348813 0.151702786378 
0.0437654830718 0.0759702725021 0.107349298101 0.10156895128 0.270024772915 0.0784475639967 0.10156895128 0.0445912469034 0.17671345995 
0.0373134328358 0.0360696517413 0.0708955223881 0.109452736318 0.599502487562 0.021144278607 0.0174129353234 0.00870646766169 0.0995024875622 
0.031122031122 0.0597870597871 0.0966420966421 0.10647010647 0.2457002457 0.104832104832 0.0761670761671 0.031122031122 0.248157248157 
0.0435025097602 0.0981595092025 0.110429447853 0.0780814277747 0.411042944785 0.0468488566648 0.0117122141662 0.0301171221417 0.170105967652 
0.0395778364116 0.0861917326297 0.112576956904 0.0932277924362 0.255936675462 0.106420404573 0.0747581354442 0.0334212840809 0.197889182058 
0.0353697749196 0.0916398713826 0.088424437299 0.0755627009646 0.172829581994 0.139871382637 0.114147909968 0.0393890675241 0.242765273312 
0.0440900562852 0.0834896810507 0.113508442777 0.106003752345 0.305816135084 0.0759849906191 0.0384615384615 0.0234521575985 0.209193245779 
0.0417777777778 0.0684444444444 0.0977777777778 0.0924444444444 0.223111111111 0.118222222222 0.0977777777778 0.016 0.244444444444 
0.0216322517207 0.0806293018682 0.103244837758 0.0796460176991 0.270403146509 0.108161258604 0.0747295968535 0.0275319567355 0.234021632252 
0.0301724137931 0.0905172413793 0.073275862069 0.0538793103448 0.471982758621 0.0646551724138 0.0237068965517 0.0215517241379 0.17025862069 
0.0281848928974 0.0856820744081 0.121758737317 0.0845546786922 0.271702367531 0.110484780158 0.054114994363 0.0349492671928 0.208568207441 
0.0511627906977 0.0810631229236 0.107641196013 0.110299003322 0.332225913621 0.087707641196 0.0478405315615 0.0179401993355 0.164119601329 
0.1325 0.01375 0.07875 0.0125 0.24 0.1575 0.0875 0.0275 0.25 
0.0213836477987 0.0943396226415 0.0754716981132 0.0767295597484 0.241509433962 0.147169811321 0.0452830188679 0.0201257861635 0.277987421384 
0.046493902439 0.0891768292683 0.0815548780488 0.0853658536585 0.217225609756 0.141006097561 0.0670731707317 0.0564024390244 0.215701219512 
0.0243710691824 0.10534591195 0.11320754717 0.0943396226415 0.296383647799 0.103773584906 0.0463836477987 0.0251572327044 0.191037735849 
0.0306242638398 0.0730270906949 0.0977620730271 0.0706713780919 0.262661955241 0.148409893993 0.055359246172 0.0329799764429 0.228504122497 
0.0385015608741 0.0686784599376 0.11342351717 0.0686784599376 0.293444328824 0.124869927159 0.0655567117586 0.0176899063476 0.209157127992 
0.0380228136882 0.0874524714829 0.0969581749049 0.104562737643 0.256653992395 0.0836501901141 0.0846007604563 0.0294676806084 0.218631178707 
0.0413354531002 0.0953895071542 0.120826709062 0.0723370429253 0.303656597774 0.0834658187599 0.0683624801272 0.0119236883943 0.202702702703 
0.0300088261253 0.0856134157105 0.0944395410415 0.0873786407767 0.219770520741 0.108561341571 0.0847308031774 0.0317740511915 0.257722859665 
0.0296577946768 0.0737642585551 0.177946768061 0.149049429658 0.254752851711 0.104942965779 0.0410646387833 0.00456273764259 0.164258555133 
0.0322380657161 0.0799752014879 0.104153750775 0.0564166150031 0.228766274024 0.153130812151 0.0768753874768 0.018598884067 0.249845009299 
0.00988319856244 0.0664869721473 0.150943396226 0.0808625336927 0.424079065588 0.0503144654088 0.0341419586703 0.00898472596586 0.174303683738 
0.0397973950796 0.0795947901592 0.107814761216 0.095513748191 0.23010130246 0.133140376266 0.082489146165 0.0115774240232 0.21997105644 
0.0544164037855 0.0843848580442 0.107255520505 0.0883280757098 0.368296529968 0.0701892744479 0.0425867507886 0.00867507886435 0.175867507886 
0.0315217391304 0.146739130435 0.110869565217 0.0826086956522 0.279347826087 0.0684782608696 0.0619565217391 0.0217391304348 0.196739130435 
0.0261437908497 0.0901960784314 0.120261437908 0.0901960784314 0.269281045752 0.100653594771 0.0718954248366 0.0156862745098 0.21568627451 
0.0228536133416 0.0982087708462 0.119209388511 0.0821494749846 0.263743051266 0.0975911056208 0.0852378011118 0.0240889437925 0.206917850525 
0.0295081967213 0.115846994536 0.165027322404 0.0459016393443 0.331147540984 0.0928961748634 0.0349726775956 0.0185792349727 0.166120218579 
0.0339652448657 0.0774091627172 0.0963665086888 0.0758293838863 0.241706161137 0.133491311216 0.0489731437599 0.0402843601896 0.251974723539 
0.0235756385069 0.0785854616896 0.0785854616896 0.101178781925 0.296660117878 0.123772102161 0.0815324165029 0.0235756385069 0.192534381139 
0.032925682032 0.0696142991533 0.110065851364 0.0799623706491 0.295390404516 0.119473189087 0.0583254938852 0.0178739416745 0.216368767639 
0.0373626373626 0.0934065934066 0.104395604396 0.118681318681 0.256043956044 0.108791208791 0.0604395604396 0.0296703296703 0.191208791209 
0.0310421286031 0.10199556541 0.110864745011 0.0920177383592 0.258314855876 0.123059866962 0.0565410199557 0.0232815964523 0.20288248337 
0.0400972053463 0.0704738760632 0.139732685298 0.0959902794654 0.334143377886 0.0729040097205 0.0510328068044 0.0157958687728 0.179829890644 
0.00537634408602 0.0241935483871 0.131720430108 0.0913978494624 0.552867383513 0.0179211469534 0.0179211469534 0.00537634408602 0.153225806452 
0.0329744279946 0.0746971736205 0.102288021534 0.0800807537012 0.248990578735 0.126514131898 0.0720053835801 0.0329744279946 0.229475100942 
0.0321180555556 0.0598958333333 0.114583333333 0.109375 0.348958333333 0.0651041666667 0.0625 0.00868055555556 0.198784722222 
0.0243111831442 0.0761750405186 0.117504051864 0.0850891410049 0.275526742301 0.102917341977 0.0640194489465 0.0113452188006 0.243111831442 
0.0216962524655 0.0591715976331 0.122287968442 0.0976331360947 0.369822485207 0.060157790927 0.043392504931 0.0177514792899 0.20808678501 
0.0307194826192 0.0937752627324 0.111560226354 0.103476151981 0.341147938561 0.0679062247373 0.0525464834276 0.0250606305578 0.17380759903 
0.0233722871452 0.10183639399 0.121869782972 0.106844741235 0.323038397329 0.0450751252087 0.0626043405676 0.0183639398998 0.196994991653 
0.0356164383562 0.0913242009132 0.144292237443 0.133333333333 0.308675799087 0.0529680365297 0.0465753424658 0.0146118721461 0.172602739726 
0.0413683373111 0.090692124105 0.100238663484 0.0938743038982 0.354813046937 0.0636435958632 0.0421638822593 0.0079554494829 0.205250596659 
0.0288713910761 0.102362204724 0.120734908136 0.122484689414 0.359580052493 0.0734908136483 0.0314960629921 0.0201224846894 0.140857392826 
0.027027027027 0.0838769804287 0.133271202237 0.108108108108 0.320596458527 0.0643056849953 0.0438024231128 0.00559179869525 0.213420316869 
0.0350492880613 0.0755750273823 0.132530120482 0.0821467688938 0.282584884995 0.0766703176342 0.0744797371303 0.0230010952903 0.217962760131 
0.0268576544315 0.0680393912265 0.116383169203 0.117278424351 0.365264100269 0.059982094897 0.0313339301701 0.0107430617726 0.204118173679 
0.0351123595506 0.0983146067416 0.112359550562 0.108146067416 0.338483146067 0.0716292134831 0.060393258427 0.0308988764045 0.144662921348 
0.031007751938 0.0708748615725 0.0764119601329 0.062015503876 0.236987818383 0.171650055371 0.0520487264673 0.063122923588 0.235880398671 
0.030303030303 0.0652680652681 0.0804195804196 0.0955710955711 0.318181818182 0.118881118881 0.0547785547786 0.0291375291375 0.207459207459 
0.0228789323165 0.110581506196 0.0981887511916 0.0972354623451 0.253574833174 0.105815061964 0.0686367969495 0.0352716873213 0.207816968541 
0.0200333889816 0.0801335559265 0.0918196994992 0.108514190317 0.372287145242 0.0701168614357 0.0283806343907 0.0651085141903 0.163606010017 
0.019385026738 0.0655080213904 0.104946524064 0.091577540107 0.347593582888 0.0668449197861 0.0487967914439 0.0447860962567 0.210561497326 
0.0256916996047 0.096837944664 0.142292490119 0.098814229249 0.363636363636 0.0454545454545 0.0622529644269 0.0098814229249 0.155138339921 
0.0149812734082 0.0911360799001 0.136079900125 0.141073657928 0.401997503121 0.0474406991261 0.0337078651685 0.00998751560549 0.123595505618 
0.0399644760213 0.103907637655 0.126998223801 0.101243339254 0.258436944938 0.0870337477798 0.050621669627 0.0168738898757 0.214920071048 
0.0298672566372 0.116150442478 0.102876106195 0.0929203539823 0.286504424779 0.0685840707965 0.0530973451327 0.033185840708 0.216814159292 
0.0268551236749 0.0932862190813 0.128621908127 0.0975265017668 0.320848056537 0.0862190812721 0.0487632508834 0.0325088339223 0.165371024735 
0.0198456449835 0.0782800441014 0.0937155457552 0.109151047409 0.425578831312 0.0606394707828 0.0253583241455 0.00661521499449 0.180815876516 
0.0323914541695 0.078566505858 0.114403859407 0.0813232253618 0.325292901447 0.079255685734 0.0627153687112 0.0330806340455 0.192970365265 
0.0174418604651 0.0852713178295 0.107558139535 0.0833333333333 0.273255813953 0.0852713178295 0.0901162790698 0.0348837209302 0.222868217054 
0.0237859266601 0.0594648166501 0.0634291377602 0.0763131813677 0.180376610505 0.17046580773 0.111992071358 0.0981169474727 0.216055500496 
0.0153256704981 0.101149425287 0.109578544061 0.0888888888889 0.269731800766 0.102681992337 0.0406130268199 0.0137931034483 0.258237547893 
0.0368946963874 0.0799385088394 0.144504227517 0.0860876249039 0.313604919293 0.0668716372022 0.0476556495004 0.0161414296695 0.208301306687 
0.019512195122 0.0983739837398 0.0869918699187 0.090243902439 0.255284552846 0.110569105691 0.0520325203252 0.0520325203252 0.234959349593 
0.0314875135722 0.0836047774159 0.115092290988 0.0922909880565 0.306188925081 0.0760043431053 0.0662323561346 0.0249728555917 0.204125950054 
0.0231749710313 0.0741599073001 0.098493626883 0.0787949015064 0.256083429896 0.114716106605 0.0996523754345 0.0312862108922 0.223638470452 
0.0296784830998 0.103874690849 0.116240725474 0.0873866446826 0.228359439406 0.0981038746908 0.0708985985161 0.0313272877164 0.234130255565 
0.0344827586207 0.0698729582577 0.107078039927 0.0880217785844 0.317604355717 0.0825771324864 0.0362976406534 0.013611615245 0.250453720508 
0.0303819444444 0.0980902777778 0.136284722222 0.118055555556 0.301215277778 0.0798611111111 0.0581597222222 0.0121527777778 0.165798611111 
0.0121293800539 0.109164420485 0.111859838275 0.0700808625337 0.253369272237 0.103773584906 0.0619946091644 0.0215633423181 0.256064690027 
0.0367647058824 0.0822192513369 0.0902406417112 0.0855614973262 0.199197860963 0.131016042781 0.105614973262 0.0280748663102 0.241310160428 
0.0211267605634 0.0934699103713 0.105633802817 0.0787451984635 0.311779769526 0.0870678617157 0.0627400768246 0.00960307298335 0.229833546735 
0.0284191829485 0.0994671403197 0.123445825933 0.0754884547069 0.302841918295 0.101243339254 0.0550621669627 0.0168738898757 0.197158081705 
0.0370994940978 0.0809443507589 0.0860033726813 0.0910623946037 0.27065767285 0.0952782462057 0.0784148397976 0.0286677908938 0.231871838111 
0.0144605116796 0.0945494994438 0.0923248053393 0.116796440489 0.324805339266 0.107897664071 0.0500556173526 0.0155728587319 0.183537263626 
0.0326086956522 0.0900621118012 0.128105590062 0.0869565217391 0.260093167702 0.110248447205 0.0683229813665 0.0201863354037 0.203416149068 
0.0264187866928 0.115459882583 0.108610567515 0.0753424657534 0.272015655577 0.0890410958904 0.0724070450098 0.0381604696673 0.202544031311 
0.0247252747253 0.0650183150183 0.0879120879121 0.0613553113553 0.196886446886 0.202380952381 0.0631868131868 0.0512820512821 0.247252747253 
0.0374531835206 0.104868913858 0.116104868914 0.085393258427 0.274906367041 0.0928838951311 0.0681647940075 0.0164794007491 0.203745318352 
0.016393442623 0.0529634300126 0.152585119798 0.108448928121 0.445145018916 0.0453972257251 0.0327868852459 0.0063051702396 0.139974779319 
0.027652733119 0.111897106109 0.117041800643 0.075884244373 0.315112540193 0.0739549839228 0.0475884244373 0.0334405144695 0.197427652733 
0.0396887159533 0.0708171206226 0.11906614786 0.0832684824903 0.215564202335 0.128404669261 0.0715953307393 0.00700389105058 0.264591439689 
0.0308988764045 0.0561797752809 0.0983146067416 0.0730337078652 0.209737827715 0.160112359551 0.063670411985 0.0393258426966 0.26872659176 
0.0487804878049 0.0843205574913 0.11149825784 0.0850174216028 0.285714285714 0.0961672473868 0.0641114982578 0.0257839721254 0.198606271777 
0.0310880829016 0.0863557858377 0.151986183074 0.103626943005 0.309153713299 0.0742659758204 0.0224525043178 0.00345423143351 0.217616580311 
0.0291595197256 0.0677530017153 0.123499142367 0.0909090909091 0.448542024014 0.041166380789 0.0351629502573 0.00343053173242 0.160377358491 
0.0283882783883 0.0805860805861 0.10347985348 0.0732600732601 0.308608058608 0.125457875458 0.0467032967033 0.0274725274725 0.206043956044 
0.0322580645161 0.0645161290323 0.112903225806 0.0990783410138 0.351382488479 0.0944700460829 0.0276497695853 0.00460829493088 0.213133640553 
0.0296735905045 0.108803165183 0.122650840752 0.114737883284 0.275964391691 0.0642927794263 0.0722057368942 0.0148367952522 0.196834817013 
0.0278606965174 0.0955223880597 0.109452736318 0.128358208955 0.338308457711 0.044776119403 0.0616915422886 0.0109452736318 0.183084577114 
0.0193661971831 0.0695422535211 0.0933098591549 0.0853873239437 0.274647887324 0.156690140845 0.0660211267606 0.0316901408451 0.203345070423 
0.0291095890411 0.0958904109589 0.0907534246575 0.107876712329 0.275684931507 0.0933219178082 0.0513698630137 0.0145547945205 0.241438356164 
0.0423825887743 0.106529209622 0.107674684994 0.0939289805269 0.26116838488 0.0813287514318 0.077892325315 0.0160366552119 0.213058419244 
0.0377213240955 0.086220169361 0.105465742879 0.0962278675905 0.261739799846 0.100076982294 0.0600461893764 0.0238645111624 0.228637413395 
0.0259146341463 0.0815548780488 0.0975609756098 0.0792682926829 0.245426829268 0.144054878049 0.0746951219512 0.0243902439024 0.227134146341 
0.0326086956522 0.0944816053512 0.0969899665552 0.0727424749164 0.357023411371 0.0794314381271 0.0459866220736 0.0150501672241 0.205685618729 
0.0305944055944 0.0699300699301 0.104895104895 0.0611888111888 0.253496503497 0.146853146853 0.0664335664336 0.027972027972 0.238636363636 
0.0297619047619 0.102182539683 0.126984126984 0.0744047619048 0.323412698413 0.077380952381 0.0535714285714 0.0109126984127 0.201388888889 
0.0257234726688 0.102250803859 0.113183279743 0.0977491961415 0.257877813505 0.103536977492 0.0591639871383 0.027652733119 0.212861736334 
0.0347417840376 0.0845070422535 0.120187793427 0.0920187793427 0.270422535211 0.103286384977 0.0629107981221 0.0169014084507 0.215023474178 
0.0304054054054 0.0844594594595 0.102477477477 0.0822072072072 0.233108108108 0.127252252252 0.0822072072072 0.0416666666667 0.216216216216 
0.0274914089347 0.0907216494845 0.123024054983 0.0865979381443 0.33883161512 0.0618556701031 0.0591065292096 0.00824742268041 0.20412371134 
0.0273722627737 0.0684306569343 0.137773722628 0.106751824818 0.405109489051 0.0583941605839 0.0319343065693 0.0173357664234 0.146897810219 
0.0395177494977 0.0944407233758 0.119223040857 0.0776959142666 0.229068988614 0.0957803081045 0.0864032150033 0.0281312793034 0.229738780978 
0.0373532550694 0.0800426894344 0.0832443970117 0.0896478121665 0.247598719317 0.136606189968 0.0693703308431 0.0213447171825 0.234791889007 
0.02416570771 0.0771001150748 0.0805523590334 0.123130034522 0.397008055236 0.0713463751438 0.0253164556962 0.00345224395857 0.197928653625 
0.0452961672474 0.0993031358885 0.119337979094 0.0722996515679 0.252613240418 0.116724738676 0.0566202090592 0.0487804878049 0.189024390244 
0.0365934797073 0.0951430472389 0.101131071191 0.0958083832335 0.274783765802 0.113107119095 0.0512308715902 0.0332667997339 0.198935462409 
0.0375399361022 0.073482428115 0.0966453674121 0.0862619808307 0.298722044728 0.0974440894569 0.0591054313099 0.0335463258786 0.217252396166 
0.0294406280667 0.0912659470069 0.127576054956 0.107948969578 0.315014720314 0.0765456329735 0.0431795878312 0.0206084396467 0.188420019627 
0.0467289719626 0.089953271028 0.0852803738318 0.089953271028 0.19976635514 0.13785046729 0.0747663551402 0.0443925233645 0.231308411215 
0.0316868592731 0.0885368126747 0.1174277726 0.0997204100652 0.283317800559 0.0969245107176 0.0652376514445 0.0121155638397 0.205032618826 
0.0233918128655 0.093567251462 0.0994152046784 0.0925925925926 0.188109161793 0.106237816764 0.0877192982456 0.0799220272904 0.229044834308 
0.0446358653093 0.079874706343 0.132341425215 0.110415035239 0.329678935004 0.0626468285043 0.0524667188724 0.0125293657009 0.175411119812 
0.0393063583815 0.137572254335 0.215028901734 0.0531791907514 0.201156069364 0.104046242775 0.0404624277457 0.0242774566474 0.184971098266 
0.030753968254 0.0833333333333 0.116071428571 0.0912698412698 0.320436507937 0.0912698412698 0.0376984126984 0.0218253968254 0.207341269841 
0.0246360582307 0.0895856662934 0.108622620381 0.0851063829787 0.339305711086 0.0683090705487 0.0447928331467 0.03359462486 0.206047032475 
0.0294117647059 0.0826330532213 0.0812324929972 0.0658263305322 0.243697478992 0.13025210084 0.063025210084 0.0812324929972 0.22268907563 
0.0307194826192 0.0606305578011 0.144704931285 0.152789005659 0.281325788197 0.100242522231 0.0323362974939 0.0113177041229 0.18593371059 
0.0259365994236 0.0701248799232 0.0643611911623 0.0778097982709 0.227665706052 0.160422670509 0.0768491834774 0.0672430355427 0.229586935639 
0.0424610051993 0.0901213171577 0.111785095321 0.0883882149047 0.266031195841 0.0953206239168 0.050259965338 0.0112651646447 0.244367417678 
0.0424901185771 0.0662055335968 0.101778656126 0.0839920948617 0.198616600791 0.150197628458 0.0958498023715 0.0415019762846 0.219367588933 
0.018 0.087 0.098 0.082 0.257 0.143 0.078 0.012 0.225 
0.017667844523 0.0647820965842 0.0859835100118 0.109540636042 0.504122497055 0.0388692579505 0.0212014134276 0.00942285041225 0.148409893993 
0.0351157222666 0.0710295291301 0.116520351157 0.111731843575 0.315243415802 0.108539505188 0.0359138068635 0.00159616919393 0.204309656824 
0.0417754569191 0.0609225413403 0.127937336815 0.0879025239339 0.350739773716 0.0539599651871 0.0496083550914 0.0113141862489 0.215839860748 
0.0159066808059 0.0827147401909 0.146341463415 0.0636267232238 0.398727465536 0.100742311771 0.0392364793213 0.0084835630965 0.144220572641 
0.0315270935961 0.0965517241379 0.101477832512 0.105418719212 0.326108374384 0.0738916256158 0.0492610837438 0.0305418719212 0.185221674877 
0.0108695652174 0.10597826087 0.0801630434783 0.116847826087 0.290760869565 0.126358695652 0.0475543478261 0.0163043478261 0.205163043478 
0.0185185185185 0.0842592592593 0.087037037037 0.0898148148148 0.287037037037 0.117592592593 0.0527777777778 0.0425925925926 0.22037037037 
0.0284995808885 0.0888516345348 0.103939647946 0.106454316848 0.320201173512 0.0720871751886 0.0620284995809 0.0117351215423 0.206202849958 
0.043407043407 0.117117117117 0.120393120393 0.117117117117 0.299754299754 0.0737100737101 0.038493038493 0.00573300573301 0.184275184275 
0.0268863833478 0.111882046834 0.101474414571 0.0884648742411 0.281873373807 0.0884648742411 0.0563746747615 0.0242844752819 0.220294882914 
0.0152008686211 0.0553745928339 0.102062975027 0.14006514658 0.43431053203 0.0456026058632 0.042345276873 0.00542888165038 0.159609120521 
0.0255785627284 0.0986601705238 0.0937880633374 0.104750304507 0.255785627284 0.0986601705238 0.0840438489647 0.0231425091352 0.215590742996 
0.0543831168831 0.0811688311688 0.124188311688 0.0949675324675 0.288149350649 0.0738636363636 0.0511363636364 0.0194805194805 0.212662337662 
0.0300107181136 0.0610932475884 0.166130760986 0.0814576634512 0.387995712755 0.075026795284 0.0396570203644 0.0128617363344 0.145766345123 
0.0294985250737 0.0811209439528 0.117256637168 0.101032448378 0.382743362832 0.0604719764012 0.0530973451327 0.00516224188791 0.169616519174 
0.0235168359166 0.0833778727953 0.120256547301 0.0705505077499 0.236237306253 0.134687332977 0.0657402458578 0.0331373597007 0.232495991448 
0.0414507772021 0.0836417468542 0.128793486306 0.108808290155 0.294596595115 0.0688378978534 0.0658771280533 0.0155440414508 0.19245003701 
0.0304 0.0776 0.1144 0.0672 0.2128 0.1616 0.0792 0.028 0.2288 
0.0272373540856 0.0496108949416 0.118677042802 0.105058365759 0.395914396887 0.0661478599222 0.0437743190661 0.00583657587549 0.187743190661 
0.0302506482282 0.0924805531547 0.116681071737 0.0795159896283 0.228176318064 0.114088159032 0.0838375108038 0.0242005185825 0.230769230769 
0.0307287093942 0.0851624231782 0.089552238806 0.0939420544337 0.302019315189 0.0965759438104 0.0509218612818 0.0430201931519 0.208077260755 
0.0315706393054 0.0883977900552 0.114443567482 0.0749802683504 0.35043409629 0.0836621941594 0.0497237569061 0.017363851618 0.189423835833 
0.0235404896422 0.060263653484 0.129943502825 0.113935969868 0.455743879473 0.0291902071563 0.0254237288136 0.0075329566855 0.154425612053 
0.0360655737705 0.0819672131148 0.104098360656 0.0868852459016 0.290163934426 0.100819672131 0.0475409836066 0.0237704918033 0.22868852459 
0.0248508946322 0.0864811133201 0.10337972167 0.111332007952 0.243538767396 0.127236580517 0.0944333996024 0.0198807157058 0.188866799205 
0.0227894257065 0.0929808568824 0.150410209663 0.103919781222 0.337283500456 0.0610756608933 0.0337283500456 0.0100273473108 0.187784867821 
0.0196592398427 0.0131061598952 0.0910878112713 0.121887287025 0.441677588467 0.0773263433814 0.00589777195282 0.125819134993 0.103538663172 
0.0295275590551 0.0846456692913 0.0915354330709 0.0925196850394 0.342519685039 0.0905511811024 0.0492125984252 0.0383858267717 0.181102362205 
0.0162767039674 0.087487283825 0.088504577823 0.0712105798576 0.253306205493 0.136317395727 0.0681586978637 0.0335707019329 0.24516785351 
0.0232793522267 0.0617408906883 0.111336032389 0.140688259109 0.371457489879 0.0779352226721 0.0455465587045 0.00506072874494 0.162955465587 
0.0256849315068 0.0890410958904 0.117294520548 0.0916095890411 0.242294520548 0.0993150684932 0.0796232876712 0.0496575342466 0.205479452055 
0.0147392290249 0.0442176870748 0.116780045351 0.138321995465 0.482993197279 0.0226757369615 0.0124716553288 0.00226757369615 0.165532879819 
0.0408340573414 0.105994787142 0.135534317984 0.0903562119896 0.284100781929 0.0947002606429 0.0529973935708 0.0191138140747 0.176368375326 
0.0450885668277 0.0893719806763 0.119967793881 0.10305958132 0.272141706924 0.0933977455717 0.0628019323671 0.0185185185185 0.195652173913 
0.0345528455285 0.0867208672087 0.131436314363 0.0894308943089 0.25406504065 0.112466124661 0.0494579945799 0.0210027100271 0.220867208672 
0.026444662096 0.100881488737 0.0979431929481 0.0852105778648 0.22722820764 0.11263467189 0.0891283055828 0.0597453476983 0.200783545544 
0.0341614906832 0.0698757763975 0.141304347826 0.109472049689 0.317546583851 0.083850931677 0.042701863354 0.00854037267081 0.192546583851 
0.0461647727273 0.0795454545455 0.0994318181818 0.0674715909091 0.233664772727 0.144176136364 0.0568181818182 0.0518465909091 0.220880681818 
0.0339123242349 0.120760959471 0.0802315963606 0.0818858560794 0.401985111663 0.101736972705 0.0206782464847 0.00992555831266 0.14888337469 
0.0365296803653 0.106849315068 0.0922374429224 0.111415525114 0.272146118721 0.0940639269406 0.0456621004566 0.0200913242009 0.22100456621 
0.0451904454487 0.093608779858 0.120077469335 0.0852162685604 0.246610716591 0.100710135571 0.0497094899935 0.0174306003873 0.241446094254 
0.010582010582 0.0888888888889 0.134391534392 0.0984126984127 0.386243386243 0.0486772486772 0.0402116402116 0.0148148148148 0.177777777778 
0.0311787072243 0.100380228137 0.116349809886 0.0942965779468 0.321673003802 0.0798479087452 0.0471482889734 0.012927756654 0.196197718631 
0.0309130122214 0.104960460101 0.107117181884 0.0905823148814 0.199856218548 0.107836089145 0.097771387491 0.0258806613947 0.235082674335 
0.0397877984085 0.0895225464191 0.0994694960212 0.07824933687 0.244694960212 0.12400530504 0.0755968169761 0.0271883289125 0.221485411141 
0.0252182347236 0.090203685742 0.101842870999 0.0911736178468 0.264791464597 0.108632395732 0.0717749757517 0.0320077594568 0.21435499515 
0.0416666666667 0.102083333333 0.105208333333 0.105208333333 0.269791666667 0.101041666667 0.0572916666667 0.0229166666667 0.194791666667 
0.0441176470588 0.093487394958 0.0945378151261 0.0798319327731 0.263655462185 0.123949579832 0.0609243697479 0.0304621848739 0.209033613445 
0.0219033232628 0.0891238670695 0.114803625378 0.0861027190332 0.243202416918 0.114803625378 0.0740181268882 0.0166163141994 0.239425981873 
0.0509515039902 0.0920810313076 0.104972375691 0.0982197667281 0.217311233886 0.125230202578 0.0785758133824 0.0110497237569 0.22160834868 
0.038036809816 0.103067484663 0.0957055214724 0.105521472393 0.510429447853 0.041717791411 0.00736196319018 0.00490797546012 0.0932515337423 
0.0159404888417 0.07651434644 0.0967056323061 0.0680127523911 0.221041445271 0.157279489904 0.0913921360255 0.0371944739639 0.235919234857 
0.0192502532928 0.0891590678825 0.096251266464 0.0932117527862 0.195542046606 0.151975683891 0.06484295846 0.0222897669706 0.267477203647 
0.0386313465784 0.114790286976 0.0971302428256 0.0883002207506 0.236203090508 0.0728476821192 0.104856512141 0.0165562913907 0.230684326711 
0.0348936170213 0.0936170212766 0.0936170212766 0.0936170212766 0.252765957447 0.112340425532 0.0706382978723 0.0272340425532 0.221276595745 
0.0245535714286 0.078125 0.100446428571 0.0825892857143 0.247767857143 0.0993303571429 0.0736607142857 0.0591517857143 0.234375 
0.0172084130019 0.0697896749522 0.143403441683 0.106118546845 0.352772466539 0.0506692160612 0.0458891013384 0.0114722753346 0.202676864245 
0.0314232902033 0.0988909426987 0.111829944547 0.0674676524954 0.27449168207 0.113678373383 0.0656192236599 0.0203327171904 0.216266173752 
0.0274542429285 0.0965058236273 0.0965058236273 0.085690515807 0.252911813644 0.118968386023 0.0881863560732 0.0349417637271 0.198835274542 
0.0392648287385 0.0852130325815 0.0969089390142 0.0910609857978 0.209690893901 0.136173767753 0.0827067669173 0.0217209690894 0.237259816207 
0.0287234042553 0.0808510638298 0.15 0.0648936170213 0.304255319149 0.0925531914894 0.0382978723404 0.031914893617 0.208510638298 
0.043656207367 0.0832196452933 0.0961800818554 0.0770804911323 0.197817189632 0.169167803547 0.0525238744884 0.0150068212824 0.265347885402 
0.0169902912621 0.105582524272 0.109223300971 0.144417475728 0.32645631068 0.0376213592233 0.0461165048544 0.0643203883495 0.14927184466 
0.025641025641 0.108974358974 0.120879120879 0.0860805860806 0.244505494505 0.112637362637 0.0604395604396 0.018315018315 0.222527472527 
0.0342522974102 0.111946532999 0.107769423559 0.0576441102757 0.211361737678 0.116123642439 0.0877192982456 0.0359231411863 0.237259816207 
0.0216579536968 0.111277072442 0.108289768484 0.0985810306199 0.318894697535 0.0716952949963 0.0448095593727 0.00970873786408 0.215085884989 
0.0435606060606 0.0719696969697 0.0691287878788 0.0823863636364 0.246212121212 0.144886363636 0.0795454545455 0.0482954545455 0.214015151515 
0.0297356828194 0.0870044052863 0.0870044052863 0.117841409692 0.34140969163 0.0759911894273 0.0506607929515 0.0748898678414 0.135462555066 
0.0444015444015 0.0752895752896 0.135135135135 0.110038610039 0.382239382239 0.0415057915058 0.0318532818533 0.00772200772201 0.171814671815 
0.0171919770774 0.106017191977 0.127507163324 0.0888252148997 0.421203438395 0.0472779369628 0.0272206303725 0.00429799426934 0.160458452722 
0.0406173842405 0.0885458976442 0.116165718928 0.0909829406986 0.258326563769 0.0950446791227 0.0739236393176 0.0276198212835 0.208773354996 
0.0478380864765 0.0634774609016 0.103035878565 0.137074517019 0.332106715731 0.0699172033119 0.0367985280589 0.0147194112236 0.195032198712 
0.0441441441441 0.081981981982 0.115315315315 0.128828828829 0.293693693694 0.0630630630631 0.0459459459459 0.0243243243243 0.202702702703 
0.0227642276423 0.0983739837398 0.126016260163 0.0764227642276 0.3 0.0861788617886 0.0528455284553 0.0268292682927 0.210569105691 
0.0345356868764 0.100537221796 0.102839600921 0.0759785111282 0.260168841136 0.113584036838 0.0537221795856 0.0299309286262 0.228702993093 
0.0378548895899 0.112513144059 0.0967402733964 0.0914826498423 0.239747634069 0.109358569926 0.0715036803365 0.0178759200841 0.222923238696 
0.0317919075145 0.0982658959538 0.0852601156069 0.0881502890173 0.276011560694 0.122832369942 0.0621387283237 0.0130057803468 0.222543352601 
0.0366088631985 0.102119460501 0.115606936416 0.0761078998073 0.268786127168 0.110789980732 0.0481695568401 0.0125240847784 0.229287090559 
0.0268505079826 0.145863570392 0.133526850508 0.124092888244 0.297532656023 0.0580551523948 0.0500725689405 0.00507982583454 0.158925979681 
0.0297462817148 0.0909886264217 0.114610673666 0.0892388451444 0.287839020122 0.0944881889764 0.0463692038495 0.0236220472441 0.223097112861 
0.0491419656786 0.0865834633385 0.0967238689548 0.119344773791 0.195787831513 0.120904836193 0.0990639625585 0.015600624025 0.216848673947 
0.0163551401869 0.0864485981308 0.130841121495 0.0747663551402 0.289719626168 0.107476635514 0.0525700934579 0.0163551401869 0.22546728972 
0.0309523809524 0.112698412698 0.107142857143 0.0904761904762 0.263492063492 0.0912698412698 0.0722222222222 0.0150793650794 0.216666666667 
0.0277544154752 0.103448275862 0.122792262405 0.114381833474 0.322960470984 0.0706476030278 0.0513036164844 0.0294365012616 0.157275021026 
0.0339130434783 0.0904347826087 0.131304347826 0.0982608695652 0.301739130435 0.0869565217391 0.0452173913043 0.0269565217391 0.185217391304 
0.0362068965517 0.0853448275862 0.0991379310345 0.0905172413793 0.224137931034 0.111206896552 0.0724137931034 0.0465517241379 0.234482758621 
0.0315315315315 0.0972972972973 0.112612612613 0.0765765765766 0.236936936937 0.0864864864865 0.0873873873874 0.0315315315315 0.23963963964 
0.0340393343419 0.0960665658094 0.0922844175492 0.105900151286 0.291225416036 0.106656580938 0.0627836611195 0.0151285930408 0.195915279879 
0.0057361376673 0.101338432122 0.105162523901 0.093690248566 0.23326959847 0.0994263862333 0.057361376673 0.0210325047801 0.282982791587 
0.0320656226696 0.0842654735272 0.123788217748 0.0633855331842 0.241610738255 0.141685309471 0.0723340790455 0.0149142431022 0.225950782998 
0.0258531540848 0.0920372285419 0.108583247156 0.0879007238883 0.22854188211 0.106514994829 0.0837642192347 0.0279214064116 0.238883143744 
0.0159362549801 0.0786852589641 0.15438247012 0.0926294820717 0.355577689243 0.050796812749 0.0418326693227 0.0129482071713 0.197211155378 
0.0336879432624 0.0789007092199 0.0957446808511 0.0771276595745 0.246453900709 0.11170212766 0.0806737588652 0.0434397163121 0.232269503546 
0.0343347639485 0.0751072961373 0.0783261802575 0.0901287553648 0.217811158798 0.158798283262 0.0772532188841 0.0482832618026 0.219957081545 
0.029933481153 0.10088691796 0.0953436807095 0.10088691796 0.343680709534 0.0809312638581 0.0210643015521 0.0166297117517 0.210643015521 
0.0296076980015 0.105107327905 0.121391561806 0.0762398223538 0.316062176166 0.0717986676536 0.0577350111029 0.0162842339008 0.20577350111 
0.0311769290725 0.100545596259 0.128604832424 0.0670303975058 0.277474668745 0.0779423226812 0.0646921278254 0.0171473109899 0.235385814497 
0.024926686217 0.115102639296 0.118035190616 0.0821114369501 0.25293255132 0.104838709677 0.0711143695015 0.0190615835777 0.211876832845 
0.0349761526232 0.0906200317965 0.116852146264 0.0810810810811 0.25039745628 0.117647058824 0.0683624801272 0.0238473767886 0.216216216216 
0.0244821092279 0.0894538606403 0.140301318267 0.0875706214689 0.399246704331 0.0527306967985 0.0414312617702 0.0131826741996 0.151600753296 
0.0324283559578 0.0882352941176 0.100301659125 0.0844645550528 0.260180995475 0.0874811463047 0.0693815987934 0.027149321267 0.250377073906 
0.041564792176 0.0867970660147 0.134474327628 0.105134474328 0.397310513447 0.0440097799511 0.0256723716381 0.0146699266504 0.150366748166 
0.0272727272727 0.0992424242424 0.110606060606 0.0795454545455 0.226515151515 0.130303030303 0.0636363636364 0.0227272727273 0.240151515152 
0.0287921348315 0.111657303371 0.118679775281 0.0751404494382 0.282303370787 0.106039325843 0.060393258427 0.00912921348315 0.207865168539 
0.0343065693431 0.128467153285 0.109489051095 0.0802919708029 0.278102189781 0.100729927007 0.0510948905109 0.00802919708029 0.209489051095 
0.0271580989331 0.0882638215325 0.111542192047 0.105722599418 0.257032007759 0.115421920466 0.0698351115422 0.00775945683802 0.217264791465 
0.0393559928444 0.0885509838998 0.0921288014311 0.0894454382826 0.252236135957 0.0903398926655 0.0769230769231 0.0590339892665 0.21198568873 
0.0315955766193 0.0932069510269 0.116903633491 0.0789889415482 0.254344391785 0.103475513428 0.0616113744076 0.0260663507109 0.233807266983 
0.0326472675656 0.0752306600426 0.110007097232 0.0958126330731 0.284599006388 0.0787792760823 0.0723917672108 0.0503903477644 0.200141944642 
0.0334996436208 0.0947968638632 0.111190306486 0.0648610121169 0.260869565217 0.101924447612 0.0691375623664 0.0434782608696 0.220242337847 
0.0263788968825 0.0719424460432 0.0967226219025 0.118305355715 0.339728217426 0.107114308553 0.0463629096723 0.0111910471623 0.182254196643 
0.0214953271028 0.0682242990654 0.139252336449 0.111214953271 0.348598130841 0.0738317757009 0.0476635514019 0.0177570093458 0.171962616822 
0.0345991561181 0.0962025316456 0.102109704641 0.100421940928 0.248101265823 0.100421940928 0.0708860759494 0.0135021097046 0.233755274262 
0.0369393139842 0.0963060686016 0.10092348285 0.106860158311 0.230870712401 0.0923482849604 0.0864116094987 0.0422163588391 0.207124010554 
0.0351063829787 0.122340425532 0.103191489362 0.1 0.239361702128 0.0893617021277 0.0627659574468 0.0106382978723 0.237234042553 
0.0287443267776 0.0869894099849 0.131618759455 0.0673222390318 0.346444780635 0.0590015128593 0.0408472012103 0.0143721633888 0.224659606657 
0.025974025974 0.0891774891775 0.0969696969697 0.101298701299 0.294372294372 0.0874458874459 0.0675324675325 0.0354978354978 0.201731601732 
0.0254237288136 0.0898305084746 0.0957627118644 0.0779661016949 0.222881355932 0.132203389831 0.0677966101695 0.0245762711864 0.263559322034 
0.026 0.066 0.102 0.099 0.435 0.046 0.024 0.005 0.197 
0.0255102040816 0.0731292517007 0.0680272108844 0.0731292517007 0.280612244898 0.130952380952 0.0816326530612 0.0357142857143 0.231292517007 
0.030888030888 0.0820463320463 0.105212355212 0.0916988416988 0.30888030888 0.0646718146718 0.0646718146718 0.0540540540541 0.197876447876 
0.0347997373605 0.0958634274458 0.0958634274458 0.0794484569928 0.212081418253 0.120814182534 0.102429415627 0.021667760998 0.237032173342 
0.0278951817413 0.114116652578 0.083685545224 0.114961961116 0.300084530854 0.0803043110735 0.0557903634827 0.00845308537616 0.214708368555 
0.0286006128703 0.106230847804 0.0909090909091 0.0868232890705 0.268641470889 0.103166496425 0.0745658835546 0.026557711951 0.214504596527 
0.0331125827815 0.0867549668874 0.108609271523 0.0788079470199 0.24701986755 0.103973509934 0.0847682119205 0.0331125827815 0.223841059603 
0.0215882806476 0.0871241326137 0.116422513493 0.0639938319198 0.23901310717 0.133384734002 0.0763299922899 0.0215882806476 0.240555127217 
0.0303830911493 0.0845442536328 0.118890356671 0.0871862615588 0.318361955086 0.117569352708 0.0422721268164 0.0105680317041 0.190224570674 
0.0366449511401 0.0757328990228 0.0887622149837 0.0912052117264 0.240228013029 0.123778501629 0.0814332247557 0.0374592833876 0.224755700326 
0.0206022187005 0.0491283676704 0.119651347068 0.0879556259905 0.451664025357 0.040412044374 0.0324881141046 0.0095087163233 0.188589540412 
0.0254957507082 0.0934844192635 0.140698772427 0.0944287063267 0.28611898017 0.0915958451369 0.0472143531634 0.0188857412653 0.202077431539 
0.0330788804071 0.0907548770144 0.123833757422 0.0949957591179 0.334181509754 0.0865139949109 0.0424088210348 0.0229007633588 0.17133163698 
0.0252192982456 0.0767543859649 0.138157894737 0.112938596491 0.423245614035 0.030701754386 0.0296052631579 0.00657894736842 0.156798245614 
0.03300330033 0.118811881188 0.194719471947 0.024202420242 0.399339933993 0.024202420242 0.018701870187 0.004400440044 0.182618261826 
0.0290010741139 0.0633727175081 0.182599355532 0.0837808807734 0.414607948443 0.0494092373792 0.0268528464017 0.00966702470462 0.140708915145 
0.0220162224797 0.11819235226 0.0741599073001 0.11819235226 0.224797219003 0.098493626883 0.0799536500579 0.045191193511 0.219003476246 
0.0239520958084 0.0838323353293 0.0778443113772 0.0910179640719 0.298203592814 0.118562874251 0.0622754491018 0.0167664670659 0.22754491018 
0.0401267159451 0.100316789863 0.111932418163 0.0855332629356 0.259767687434 0.100316789863 0.0718057022175 0.0137275607181 0.216473072862 
0.0311284046693 0.100518806744 0.125810635538 0.0869001297017 0.25551232166 0.0875486381323 0.0849546044099 0.0272373540856 0.200389105058 
0.0341772151899 0.0746835443038 0.0936708860759 0.0632911392405 0.240506329114 0.139240506329 0.0962025316456 0.0481012658228 0.210126582278 
0.0244698205546 0.106851549755 0.112561174551 0.110114192496 0.306688417618 0.0831973898858 0.0464926590538 0.036704730832 0.172920065253 
0.0259900990099 0.0928217821782 0.0928217821782 0.0829207920792 0.220297029703 0.127475247525 0.0693069306931 0.0693069306931 0.219059405941 
0.0259159964254 0.0974084003575 0.102770330652 0.0777479892761 0.278820375335 0.118856121537 0.0598748882931 0.0214477211796 0.217158176944 
0.0261066969353 0.0590238365494 0.0987514188422 0.0590238365494 0.22360953462 0.157775255392 0.0794551645857 0.0465380249716 0.249716231555 
0.0338624338624 0.102645502646 0.134391534392 0.0952380952381 0.292063492063 0.0613756613757 0.0529100529101 0.0179894179894 0.209523809524 
